Model: RIM
Root_length: 564
R_I: 0.0075166111527596065
R_D: 0.03358756120325148
A_I: 1.628907395894297
A_D: 1.1073678161047438