Model: RIM
Root_length: 552
R_I: 0.007386893577702509
R_D: 0.03831706239316314
A_I: 1.545756199384073
A_D: 1.1087517300070153