Model: RIM
Root_length: 704
R_I: 0.0063938834207679955
R_D: 0.030204557138861464
A_I: 1.5514248849637176
A_D: 1.1031878769472991