Model: RIM
Root_length: 652
R_I: 0.007281029304273088
R_D: 0.03904298185440965
A_I: 1.5390057178671899
A_D: 1.0838848083314832