Model: RIM
Root_length: 1597
R_I: 0.007323388485413898
R_D: 0.03174292307305533
A_I: 1.4982141917442249
A_D: 1.1932438473041562