Model: RIM
Root_length: 1587
R_I: 0.0074420229765609506
R_D: 0.03210142217602396
A_I: 1.5073081503295325
A_D: 1.1466433661235103