Model: SIM
Root_length: 485
R_ID: 0.04741283274947354
A_ID: 1.1915989617313045