Model: RIM
Root_length: 578
R_I: 0.00784740752052158
R_D: 0.03800980664829551
A_I: 1.5427743556492937
A_D: 1.0903867826685574