Model: RIM
Root_length: 336
R_I: 0.007226859124014769
R_D: 0.0387896270320474
A_I: 1.4962876217077108
A_D: 1.0817600445690687