Model: RIM
Root_length: 317
R_I: 0.007593560084039092
R_D: 0.035328476282364886
A_I: 1.5163072380682383
A_D: 1.0770703795432695