Model: RIM
Root_length: 580
R_I: 0.0074420675189176165
R_D: 0.01755800236916284
A_I: 1.5938353947210953
A_D: 1.23703645270616