Model: RIM
Root_length: 561
R_I: 0.008190228953709794
R_D: 0.017165015289000225
A_I: 1.6216179100404957
A_D: 1.2123045444898244