Model: RIM
Root_length: 1175
R_I: 0.00806938476781942
R_D: 0.036492250498199354
A_I: 1.6548191499909808
A_D: 1.1141349144949484