Model: RIM
Root_length: 1185
R_I: 0.006860965566493601
R_D: 0.03652003862238222
A_I: 1.665507616659185
A_D: 1.1099185873489978