Model: RIM
Root_length: 1687
R_I: 0.006860794740765921
R_D: 0.03629830600722297
A_I: 1.6395056436340096
A_D: 1.0953573779958181