Model: RIM
Root_length: 1671
R_I: 0.006957786726238151
R_D: 0.0395668707795113
A_I: 1.497996950754798
A_D: 1.0728588775768104