Model: RIM
Root_length: 271
R_I: 0.007875619268804007
R_D: 0.03268508481611896
A_I: 1.5705628657058488
A_D: 1.1378180660967028