Model: RIM
Root_length: 325
R_I: 0.004694558466808725
R_D: 0.012734305682315396
A_I: 1.5572684081222556
A_D: 1.2259803861728216