Model: SIM
Root_length: 437
R_ID: 0.04297551940512353
A_ID: 1.174812999634472