Model: RIM
Root_length: 468
R_I: 0.00769392364190592
R_D: 0.036429988266798684
A_I: 1.484668047431324
A_D: 1.1450503648304868