Model: SIM
Root_length: 379
R_ID: 0.045125862727476075
A_ID: 1.1066650699748553