Model: RIM
Root_length: 576
R_I: 0.007656150480808922
R_D: 0.039061118695131423
A_I: 1.5023507891913153
A_D: 1.0848117550367216