Model: RIM
Root_length: 1941
R_I: 0.007965614757206125
R_D: 0.026620728557901683
A_I: 1.631170138395634
A_D: 1.1584746702536597