Model: RIM
Root_length: 2096
R_I: 0.008785175865847112
R_D: 0.0269997330212119
A_I: 1.6256174528036667
A_D: 1.1029477462484525