Model: RIM
Root_length: 645
R_I: 0.007670504315547807
R_D: 0.03083877048086841
A_I: 1.5172888603907504
A_D: 1.2047835217479337