Model: RIM
Root_length: 653
R_I: 0.007901217914340562
R_D: 0.02887909432350448
A_I: 1.6136380157887265
A_D: 1.1658828368639935