Model: RIM
Root_length: 966
R_I: 0.007296879325224803
R_D: 0.037809031452514776
A_I: 1.5787555164507325
A_D: 1.1008724257062277