Model: RIM
Root_length: 965
R_I: 0.007770992093577009
R_D: 0.03628279473062229
A_I: 1.6180716172858087
A_D: 1.1067270160272562