Model: RIM
Root_length: 3188
R_I: 0.0008411894268329327
R_D: 0.00106591937018564
A_I: 1.4009953860283073
A_D: 1.3368257213684627