Model: RIM
Root_length: 3350
R_I: 0.004678636782895915
R_D: 0.0046000525243217825
A_I: 1.3961324068824104
A_D: 1.3535196802710618