Model: RIM
Root_length: 294
R_I: 0.009371291674284415
R_D: 0.03265719991665747
A_I: 1.52129825759553
A_D: 1.2118074447589087