Model: SIM
Root_length: 273
R_ID: 0.04200967596331755
A_ID: 1.1884074996209049