Model: SIM
Root_length: 1124
R_ID: 0.03596912066056425
A_ID: 1.2172537419527043