Model: RIM
Root_length: 1175
R_I: 0.009585312954120245
R_D: 0.025496369021461292
A_I: 1.50942108763353
A_D: 1.2330497381647567