Model: RIM
Root_length: 770
R_I: 0.008963589502166852
R_D: 0.025178512231489498
A_I: 1.527127725282803
A_D: 1.3126388561865716