Model: RIM
Root_length: 753
R_I: 0.01068759448846337
R_D: 0.01882428068013411
A_I: 1.4640829531599016
A_D: 1.3066186725558373