Model: RIM
Root_length: 1297
R_I: 0.011380550312978634
R_D: 0.01746811830913355
A_I: 1.4581366707811296
A_D: 1.2386749970392152