Model: RIM
Root_length: 1316
R_I: 0.01676980926163874
R_D: 0.016560685390087985
A_I: 1.3927452899759323
A_D: 1.2960116744871515