Model: RIM
Root_length: 2331
R_I: 0.015663936950596296
R_D: 0.02668193945262195
A_I: 1.501733401412232
A_D: 1.2443762655741746