Model: RIM
Root_length: 2335
R_I: 0.017109578577038296
R_D: 0.025626892902046988
A_I: 1.4893231585664626
A_D: 1.305946023587132