Model: RIM
Root_length: 2425
R_I: 0.007272017771967791
R_D: 0.031276653364111666
A_I: 1.6531453841762604
A_D: 1.227704078970381