Model: RIM
Root_length: 2404
R_I: 0.007845127402192714
R_D: 0.03139979252296257
A_I: 1.5964329474919483
A_D: 1.190945142942811