Model: RIM
Root_length: 525
R_I: 0.00859217041745713
R_D: 0.034006897204461824
A_I: 1.6412094278402438
A_D: 1.1426219090636478