Model: RIM
Root_length: 554
R_I: 0.007234575414666719
R_D: 0.03758371352782341
A_I: 1.5833756702371573
A_D: 1.08190387114782