Model: RIM
Root_length: 1710
R_I: 0.006621662573925057
R_D: 0.03844132173710611
A_I: 1.5717002311798771
A_D: 1.0940948432610003