Model: RIM
Root_length: 1656
R_I: 0.007081323136754768
R_D: 0.03825102540814959
A_I: 1.5086070884522351
A_D: 1.1184393197418048