Model: RIM
Root_length: 508
R_I: 0.007217997874094399
R_D: 0.03936646762176515
A_I: 1.5132175296996693
A_D: 1.0904912825145217