Model: SIM
Root_length: 452
R_ID: 0.046142583056614325
A_ID: 1.2952874435113957