Model: RIM
Root_length: 1168
R_I: 0.005982981797369807
R_D: 0.028927194677948586
A_I: 1.5672561813509327
A_D: 1.1324838577554492