Model: SIM
Root_length: 653
R_ID: 0.043499006852312345
A_ID: 1.0773104956552388