Model: RIM
Root_length: 264
R_I: 0.008133476388160456
R_D: 0.038057549632724334
A_I: 1.5058965719566428
A_D: 1.1297136821787381