Model: SIM
Root_length: 239
R_ID: 0.0460413369199862
A_ID: 1.236516829265221