Model: SIM
Root_length: 390
R_ID: 0.044956222033931716
A_ID: 1.176049404653793