Model: RIM
Root_length: 403
R_I: 0.008999622536849905
R_D: 0.03527555893797676
A_I: 1.532722764188852
A_D: 1.187898907074191