Model: RIM
Root_length: 931
R_I: 0.007138473541765425
R_D: 0.03574475067159091
A_I: 1.551555008044089
A_D: 1.1655462610384775