Model: SIM
Root_length: 857
R_ID: 0.042899919654407
A_ID: 1.184719401867655