Model: RIM
Root_length: 486
R_I: 0.007524510623035335
R_D: 0.03618935982445113
A_I: 1.4875986720505856
A_D: 1.1353068461369065