Model: SIM
Root_length: 471
R_ID: 0.04355079000324357
A_ID: 1.1722314441163275