Model: SIM
Root_length: 287
R_ID: 0.046421029168710985
A_ID: 1.054777888383848