Model: RIM
Root_length: 493
R_I: 0.009434077241049185
R_D: 0.03739578997232813
A_I: 1.4317068189073214
A_D: 1.0791764157509909