Model: SIM
Root_length: 741
R_ID: 0.018609307743226087
A_ID: 1.2294224123763144