Model: RIM
Root_length: 737
R_I: 0.009414275240186891
R_D: 0.023054155367696456
A_I: 1.5216559386889406
A_D: 1.1680011223095788