Model: RIM
Root_length: 2727
R_I: 0.008426777380560291
R_D: 0.024710573698317976
A_I: 1.5220066355650577
A_D: 1.1654091081719198