Model: RIM
Root_length: 2818
R_I: 0.008485363394600575
R_D: 0.02727784561370613
A_I: 1.5278023542115406
A_D: 1.1830666749518912