Model: SIM
Root_length: 626
R_ID: 0.017287760794076814
A_ID: 1.095707669510687