Model: RIM
Root_length: 2723
R_I: 0.007676464794317753
R_D: 0.039800443047586696
A_I: 1.4121866021314586
A_D: 1.0568477193389496