Model: RIM
Root_length: 2942
R_I: 0.007241950901065615
R_D: 0.03869832287273159
A_I: 1.5058366122233184
A_D: 1.0702107206179061