Model: RIM
Root_length: 867
R_I: 0.009374472455205209
R_D: 0.027982940949454686
A_I: 1.5519862885698066
A_D: 1.23038874591669