Model: SIM
Root_length: 858
R_ID: 0.037302702850478583
A_ID: 1.1838742798382784