Model: RIM
Root_length: 1594
R_I: 0.007713087395592072
R_D: 0.0362238801231967
A_I: 1.6319860571216038
A_D: 1.0917592478089846