Model: RIM
Root_length: 1675
R_I: 0.00747934967449755
R_D: 0.0372378368193099
A_I: 1.5599277883930145
A_D: 1.099797334395924