Model: RIM
Root_length: 338
R_I: 0.008185398016852172
R_D: 0.03211534157556184
A_I: 1.5587583057610725
A_D: 1.1577703382190239