Model: RIM
Root_length: 361
R_I: 0.00824076324368316
R_D: 0.032512808175088455
A_I: 1.578445100577216
A_D: 1.1726482449760343