Model: RIM
Root_length: 881
R_I: 0.007426106501137988
R_D: 0.03887308521149333
A_I: 1.524565377470972
A_D: 1.0884418178200286