Model: RIM
Root_length: 802
R_I: 0.007793613780058206
R_D: 0.03680504999816565
A_I: 1.5786332294141212
A_D: 1.0928952727884957