Model: RIM
Root_length: 323
R_I: 0.009210709131055492
R_D: 0.024837248445107613
A_I: 1.5586792804122225
A_D: 1.1687475317120546