Model: RIM
Root_length: 304
R_I: 0.010245976946345547
R_D: 0.023475854920252302
A_I: 1.5615012389636638
A_D: 1.1657387988937535