Model: RIM
Root_length: 1526
R_I: 0.0109565777983669
R_D: 0.029428204782121187
A_I: 1.4961395824975592
A_D: 1.2246956766732504