Model: SIM
Root_length: 1327
R_ID: 0.03884726691059906
A_ID: 1.1535814295505789