Model: RIM
Root_length: 1595
R_I: 0.007186902079752025
R_D: 0.03597849567806435
A_I: 1.5838910203030467
A_D: 1.1206291515367828