Model: RIM
Root_length: 1517
R_I: 0.009180706587153786
R_D: 0.033459081359861836
A_I: 1.599412799839275
A_D: 1.1400953998658074