Model: SIM
Root_length: 751
R_ID: 0.04590978602141857
A_ID: 1.0377516315845285