Model: RIM
Root_length: 2131
R_I: 0.00822936869002382
R_D: 0.03882422443036601
A_I: 1.4458046834429832
A_D: 1.0587727088720542