Model: RIM
Root_length: 1437
R_I: 0.007938475976183938
R_D: 0.030597717499351557
A_I: 1.5546793627358675
A_D: 1.136449302582854