Model: RIM
Root_length: 1394
R_I: 0.009864921386611556
R_D: 0.03163536487469305
A_I: 1.555689755164083
A_D: 1.1409015487346381