Model: RIM
Root_length: 1114
R_I: 0.00747529390797655
R_D: 0.03259403002531416
A_I: 1.5577926484106328
A_D: 1.1954026763935732