Model: RIM
Root_length: 1094
R_I: 0.00796790359850345
R_D: 0.03174434955910415
A_I: 1.5701526623369386
A_D: 1.1997291590963075