Model: RIM
Root_length: 423
R_I: 0.008103855437262898
R_D: 0.030807453436973817
A_I: 1.4996477532813248
A_D: 1.22642378675521