Model: RIM
Root_length: 434
R_I: 0.008091381365562408
R_D: 0.03280948040429381
A_I: 1.529299921268827
A_D: 1.1938893596711189