Model: RIM
Root_length: 1422
R_I: 0.0068033413153881315
R_D: 0.038163326059018905
A_I: 1.5647315960543478
A_D: 1.0946043000224805