Model: RIM
Root_length: 1453
R_I: 0.006885104504001506
R_D: 0.03822389660173585
A_I: 1.58485206569253
A_D: 1.0822093644499973