Model: RIM
Root_length: 506
R_I: 0.006877033262421667
R_D: 0.03221411579499469
A_I: 1.5336656242670754
A_D: 1.1885856973782152