Model: RIM
Root_length: 508
R_I: 0.008369403143727382
R_D: 0.031122726436131804
A_I: 1.4930527391191604
A_D: 1.2102652913783638