Model: RIM
Root_length: 578
R_I: 0.00797712443294334
R_D: 0.03634732645903069
A_I: 1.553205241704998
A_D: 1.0968927725196367