Model: RIM
Root_length: 584
R_I: 0.006841467388018239
R_D: 0.03226459758127116
A_I: 1.5775723860707829
A_D: 1.1014441243340516