Model: SIM
Root_length: 810
R_ID: 0.01952267615031182
A_ID: 1.184608920601415