Model: RIM
Root_length: 853
R_I: 0.016811578337404133
R_D: 0.02327123189897395
A_I: 1.3329903846849076
A_D: 1.276542724586356