Model: SIM
Root_length: 694
R_ID: 0.044466077711976436
A_ID: 1.1950303643119178