Model: RIM
Root_length: 781
R_I: 0.007328127641356169
R_D: 0.03972146885768199
A_I: 1.5233062448458736
A_D: 1.0871139061792545