Model: RIM
Root_length: 689
R_I: 0.004262962171860205
R_D: 0.015547733414024935
A_I: 1.6583421122148878
A_D: 1.105361491825277