Model: RIM
Root_length: 616
R_I: 0.007752893223608531
R_D: 0.03726588760942437
A_I: 1.6240631390431945
A_D: 1.0882798403139855