Model: RIM
Root_length: 273
R_I: 0.006379155979357425
R_D: 0.03727413967881961
A_I: 1.5986276324266009
A_D: 1.0994103249145974