Model: RIM
Root_length: 288
R_I: 0.006854224469240982
R_D: 0.038833214179294494
A_I: 1.575414207653121
A_D: 1.1245334652791317