Model: SIM
Root_length: 901
R_ID: 0.040361316945606934
A_ID: 1.1717795403974613