Model: RIM
Root_length: 1133
R_I: 0.00815162189760888
R_D: 0.03538268181734809
A_I: 1.5996210931748274
A_D: 1.0899430463791036