Model: RIM
Root_length: 1362
R_I: 0.007412667268486847
R_D: 0.034895799516384246
A_I: 1.5317887226424378
A_D: 1.1836421980995757