Model: RIM
Root_length: 1396
R_I: 0.007443315981812007
R_D: 0.03519595010807369
A_I: 1.5449082874095854
A_D: 1.1605987503888167