Model: SIM
Root_length: 588
R_ID: 0.03571773348976676
A_ID: 1.0817113172667796