Model: RIM
Root_length: 915
R_I: 0.0017329332791825086
R_D: 0.003187508124933254
A_I: 1.436450626672187
A_D: 1.2941730095619572