Model: SIM
Root_length: 1515
R_ID: 0.03963348091076904
A_ID: 1.127582112927936