Model: RIM
Root_length: 1657
R_I: 0.007833224260030415
R_D: 0.03351153167821222
A_I: 1.5570129935896397
A_D: 1.172808390738296