Model: SIM
Root_length: 659
R_ID: 0.04196583035774459
A_ID: 1.2247925572795877