Model: RIM
Root_length: 683
R_I: 0.008055438253871476
R_D: 0.03288426484124439
A_I: 1.5587287980028979
A_D: 1.2344417290730132