Model: RIM
Root_length: 4760
R_I: 0.0036394435771667567
R_D: 0.00219121363262758
A_I: 1.4442955985147428
A_D: 1.3233577926567475