Model: SIM
Root_length: 4395
R_ID: 0.0007232079941848365
A_ID: 1.2861064952793557