Model: RIM
Root_length: 436
R_I: 0.008178021636410378
R_D: 0.03251469645179399
A_I: 1.5256800056763822
A_D: 1.2546630597422208