Model: SIM
Root_length: 421
R_ID: 0.040735767658294036
A_ID: 1.225274429390546