Model: RIM
Root_length: 2868
R_I: 0.006640591581080397
R_D: 0.036978396234223214
A_I: 1.564347685869885
A_D: 1.1311032897271598