Model: RIM
Root_length: 2951
R_I: 0.006821396267295987
R_D: 0.036689928037182205
A_I: 1.587419017279032
A_D: 1.1201794820086004