Model: RIM
Root_length: 1394
R_I: 0.006864906422645973
R_D: 0.037993940091946274
A_I: 1.5628511652308066
A_D: 1.0795501822628721