Model: RIM
Root_length: 1430
R_I: 0.007029145353478746
R_D: 0.03877902315688855
A_I: 1.5078027796326463
A_D: 1.0821533330329995