Model: RIM
Root_length: 2080
R_I: 0.007029740461971435
R_D: 0.034775087232795994
A_I: 1.5748705586617213
A_D: 1.1377391813017579