Model: RIM
Root_length: 2111
R_I: 0.008639753272829162
R_D: 0.03312859052514801
A_I: 1.5408321321653369
A_D: 1.1769714136500706