Model: RIM
Root_length: 1128
R_I: 0.007349709155835826
R_D: 0.03067667177306426
A_I: 1.6042218056901383
A_D: 1.1337302814076429