Model: RIM
Root_length: 1107
R_I: 0.0077987010141866205
R_D: 0.03489844937964435
A_I: 1.5381709609275487
A_D: 1.1320680625437514