Model: RIM
Root_length: 2857
R_I: 0.007498707329427321
R_D: 0.035331452352876755
A_I: 1.6187833079822473
A_D: 1.1149422572442398