Model: RIM
Root_length: 2928
R_I: 0.008051595704208053
R_D: 0.032644573705041174
A_I: 1.5530498300530775
A_D: 1.1259191947770195