Model: RIM
Root_length: 1002
R_I: 0.00709983977905088
R_D: 0.038261144116296116
A_I: 1.5374930754198473
A_D: 1.111844447790465