Model: SIM
Root_length: 407
R_ID: 0.04526968223247703
A_ID: 1.0531102983030936