Model: SIM
Root_length: 640
R_ID: 0.0031078302738838486
A_ID: 1.2516224364816182