Model: RIM
Root_length: 697
R_I: 0.0020173074284145507
R_D: 0.008676352365625022
A_I: 1.5712105433622192
A_D: 1.1948306267664273