Model: RIM
Root_length: 1491
R_I: 0.0025003368503515827
R_D: 0.005557177944414755
A_I: 1.506581072433282
A_D: 1.2748503639568425