Model: RIM
Root_length: 1531
R_I: 0.008964605774702136
R_D: 0.02811763327674908
A_I: 1.5361421616583562
A_D: 1.1608973975756054