Model: RIM
Root_length: 277
R_I: 0.00843473994254905
R_D: 0.032550221060359534
A_I: 1.5113753271241572
A_D: 1.1868489859900762