Model: SIM
Root_length: 263
R_ID: 0.0410650683048292
A_ID: 1.207748400016241