Model: RIM
Root_length: 1071
R_I: 0.006881259374825004
R_D: 0.03664388702272195
A_I: 1.656821698346181
A_D: 1.1210657011355567