Model: RIM
Root_length: 1110
R_I: 0.007242973047703751
R_D: 0.03842020222239142
A_I: 1.5929984466582345
A_D: 1.0982915760577374