Model: RIM
Root_length: 547
R_I: 0.007277434210829308
R_D: 0.03906431464204885
A_I: 1.5583707565393126
A_D: 1.0791987752676593