Model: RIM
Root_length: 540
R_I: 0.008419722005549093
R_D: 0.03585381678133016
A_I: 1.6117710588067284
A_D: 1.1068969179114818