Model: RIM
Root_length: 363
R_I: 0.008227895127245428
R_D: 0.03627692959397654
A_I: 1.5559449546031225
A_D: 1.0928828185503285