Model: RIM
Root_length: 347
R_I: 0.007403899579056148
R_D: 0.03507132569902211
A_I: 1.6647652785257159
A_D: 1.0771532380848157