Model: RIM
Root_length: 754
R_I: 0.008077709559206293
R_D: 0.035225617000446685
A_I: 1.530996239055749
A_D: 1.1500800373948334