Model: SIM
Root_length: 760
R_ID: 0.04220990313694293
A_ID: 1.2048537974628466