Model: RIM
Root_length: 227
R_I: 0.007686219523047856
R_D: 0.03360340098068864
A_I: 1.4797755527326435
A_D: 1.1772284678276907