Model: RIM
Root_length: 227
R_I: 0.008475231829853566
R_D: 0.030786741459199764
A_I: 1.5300672691446582
A_D: 1.2017828684530916