Model: RIM
Root_length: 1118
R_I: 0.008821744753640929
R_D: 0.033219808611903885
A_I: 1.4712327778262764
A_D: 1.1647690141737832