Model: RIM
Root_length: 1173
R_I: 0.008478888629942704
R_D: 0.03308212333345021
A_I: 1.5018165465453541
A_D: 1.175196586463451