Model: RIM
Root_length: 433
R_I: 0.007307194194290021
R_D: 0.03750860524079715
A_I: 1.6219098110690024
A_D: 1.1084936660387457