Model: RIM
Root_length: 400
R_I: 0.006918197267192506
R_D: 0.035898497125392545
A_I: 1.5848251802659836
A_D: 1.1323538842734842