Model: SIM
Root_length: 235
R_ID: 0.04108893963820948
A_ID: 1.550060566077693