Model: RIM
Root_length: 228
R_I: 0.0103056055578875
R_D: 0.032726965347124326
A_I: 1.5534616732558648
A_D: 1.447490552441507