Model: RIM
Root_length: 1605
R_I: 0.007572215925075806
R_D: 0.03590738849948221
A_I: 1.6050773924379258
A_D: 1.1092607930038958