Model: RIM
Root_length: 1677
R_I: 0.007385283558533025
R_D: 0.0371732797986552
A_I: 1.5758695382339059
A_D: 1.1065389368779015