Model: RIM
Root_length: 410
R_I: 0.006293330010893197
R_D: 0.03644216781605311
A_I: 1.604761614755547
A_D: 1.0894992583218615