Model: RIM
Root_length: 427
R_I: 0.007167265060414788
R_D: 0.03864409731322228
A_I: 1.5285773369200195
A_D: 1.105463178485951