Model: RIM
Root_length: 235
R_I: 0.006536522039707832
R_D: 0.03799698116122213
A_I: 1.5902276125595387
A_D: 1.1080025716921091