Model: RIM
Root_length: 250
R_I: 0.007543148457842877
R_D: 0.03829450805201059
A_I: 1.4957253512566036
A_D: 1.1013420162875014