Model: SIM
Root_length: 2136
R_ID: 0.0361033349534866
A_ID: 1.1999175383538054