Model: RIM
Root_length: 2222
R_I: 0.009455913659896365
R_D: 0.02759219655067076
A_I: 1.5261240240716096
A_D: 1.2083283425566766