Model: SIM
Root_length: 497
R_ID: 0.015039119510216657
A_ID: 1.3064732218898145