Model: RIM
Root_length: 505
R_I: 0.011462726590084078
R_D: 0.021469558328132812
A_I: 1.4705956752898197
A_D: 1.2454695181575828