Model: SIM
Root_length: 527
R_ID: 0.03726089530868833
A_ID: 1.2898773379106794