Model: RIM
Root_length: 554
R_I: 0.008549962231833663
R_D: 0.03318726612106178
A_I: 1.523215540526928
A_D: 1.238705845453997