Model: RIM
Root_length: 489
R_I: 0.00751221440998184
R_D: 0.03767363767072051
A_I: 1.5641120627403944
A_D: 1.091889089273935