Model: RIM
Root_length: 499
R_I: 0.006886257396417358
R_D: 0.0371998595532091
A_I: 1.6317436265312648
A_D: 1.0788823263250835