Model: RIM
Root_length: 522
R_I: 0.006718269132199543
R_D: 0.038867672924822384
A_I: 1.5683887972154582
A_D: 1.0873998640482354