Model: RIM
Root_length: 517
R_I: 0.007033503358807858
R_D: 0.03812467550995767
A_I: 1.6146732186851418
A_D: 1.091125681763322