Model: RIM
Root_length: 489
R_I: 0.007608519693670986
R_D: 0.03557446285070027
A_I: 1.536332415583531
A_D: 1.261202937700465