Model: RIM
Root_length: 510
R_I: 0.0085448967065471
R_D: 0.031987587064344736
A_I: 1.5842960633335803
A_D: 1.2304111856876077