Model: RIM
Root_length: 563
R_I: 0.00877922155514347
R_D: 0.03428772486770275
A_I: 1.5398339154078857
A_D: 1.157401099139317