Model: SIM
Root_length: 454
R_ID: 0.04085265553318832
A_ID: 1.1245362961352274