Model: RIM
Root_length: 621
R_I: 0.011445378591461471
R_D: 0.024098421932223238
A_I: 1.5504958228248265
A_D: 1.2236409396634709