Model: SIM
Root_length: 590
R_ID: 0.02831721148940897
A_ID: 1.1858691325599988