Model: RIM
Root_length: 365
R_I: 0.00817957788303459
R_D: 0.037899495168117775
A_I: 1.557572549766785
A_D: 1.0897483876983614