Model: SIM
Root_length: 198
R_ID: 0.04399705965111125
A_ID: 1.0844204747275197