Model: SIM
Root_length: 1292
R_ID: 0.03639843522188873
A_ID: 1.1578902370127264