Model: RIM
Root_length: 1402
R_I: 0.009219725981905468
R_D: 0.029960652887360273
A_I: 1.5638030948839932
A_D: 1.1704552824071623