Model: RIM
Root_length: 302
R_I: 0.0070902122661786774
R_D: 0.033075376557508925
A_I: 1.4901544668857074
A_D: 1.1939375820223392