Model: RIM
Root_length: 316
R_I: 0.007299882473242967
R_D: 0.03217520161213928
A_I: 1.514961568783088
A_D: 1.2001815940179095