Model: RIM
Root_length: 1205
R_I: 0.010600137101435753
R_D: 0.02504044354480001
A_I: 1.5655672171341248
A_D: 1.2336039648739534