Model: SIM
Root_length: 1156
R_ID: 0.01792547679164981
A_ID: 1.2426419211143251