Model: RIM
Root_length: 2675
R_I: 0.014038854389507603
R_D: 0.030103387744618473
A_I: 1.4777503429755106
A_D: 1.2047624758373834