Model: RIM
Root_length: 2822
R_I: 0.007694090771421837
R_D: 0.03755001453563841
A_I: 1.6438683293655507
A_D: 1.0867541381151369