Model: RIM
Root_length: 816
R_I: 0.0016186425619425472
R_D: 0.001980711663784826
A_I: 1.518208889742564
A_D: 1.2862698053564838