Model: RIM
Root_length: 802
R_I: 0.007877082340339599
R_D: 0.015167180424943544
A_I: 1.458518404619675
A_D: 1.2204761643346844