Model: RIM
Root_length: 945
R_I: 0.0071843364867127234
R_D: 0.03626682724487491
A_I: 1.5931296739415148
A_D: 1.1003057858404568