Model: RIM
Root_length: 972
R_I: 0.006089080076941081
R_D: 0.03143202755637815
A_I: 1.6423534464340448
A_D: 1.1123943924533124