Model: RIM
Root_length: 394
R_I: 0.007532930899029874
R_D: 0.03764592403595222
A_I: 1.4677468322249894
A_D: 1.1077298129643967