Model: RIM
Root_length: 375
R_I: 0.006991492081767203
R_D: 0.032506121519672145
A_I: 1.44464898487984
A_D: 1.1351391716724129