Model: RIM
Root_length: 402
R_I: 0.008154615537461857
R_D: 0.034448299156679726
A_I: 1.5481957070226244
A_D: 1.1759447857175136