Model: RIM
Root_length: 390
R_I: 0.00763304226271202
R_D: 0.03633120266193069
A_I: 1.5398331574873805
A_D: 1.1758796016615423