Model: SIM
Root_length: 1393
R_ID: 0.031356068578064465
A_ID: 1.1788926043556855