Model: RIM
Root_length: 1433
R_I: 0.009566458815328326
R_D: 0.025141618054081886
A_I: 1.5187925802710933
A_D: 1.1969551637579245